1,1,120.5,210.0,45.0,120.0,0.85,-1,-1,-1
1,2,300.0,180.5,50.0,135.0,0.91,-1,-1,-1
1,3,520.0,200.0,40.0,110.0,0.78,-1,-1,-1
2,1,122.0,211.5,45.0,120.0,0.86,-1,-1,-1
2,2,302.5,182.0,50.0,135.0,0.90,-1,-1,-1
2,3,518.0,201.0,40.0,110.0,0.79,-1,-1,-1
3,1,123.5,213.0,45.0,120.0,0.84,-1,-1,-1
3,2,305.0,183.5,50.0,135.0,0.92,-1,-1,-1
3,3,516.0,202.0,40.0,110.0,0.81,-1,-1,-1
4,1,125.0,214.5,45.0,120.0,0.87,-1,-1,-1
4,2,307.5,185.0,50.0,135.0,0.89,-1,-1,-1
4,3,514.0,203.0,40.0,110.0,0.80,-1,-1,-1
5,1,126.5,216.0,45.0,120.0,0.88,-1,-1,-1
5,2,310.0,186.5,50.0,135.0,0.90,-1,-1,-1
5,3,512.0,204.0,40.0,110.0,0.82,-1,-1,-1